Alveoloplasty in conjuction with extractions (4 or more teeth or tooth spaces per quadrant) - 15 +- 7310,Alveoloplasty in conjunction with extractions (1-3 teeth or tooth spaces per quadrant) - 15 - 7311,Alveoplasty not in conjunction with extractions (1-3 teeth or tooth spaces per quadrant) - 15 +- 7321,Amalgam-four surface/perm - 15 +- 2161,Amalgam-one surface permanent - 15 +-2140,Amalgam-three surfaces permanent - 15 +- 2160,Amalgam-two surfaces permanent - 15 +- 2150,Ant. Resin-based cmpst crown - 30 +- 2390,Biopsy of oral tissue-soft(all others) - 15 +- 7286,Bridge repair - 15 +- 6980,Crown repair - 15 +- 2980,Excision of benign lesion up to 1.25 cm - 15 +- 7310,Excision of pericoronal gingiva - 15 +- 7971,Extraction - coronal remnants of primary tooth - 15 +- 7111,Extraction surgical (requires removal of bone and/or mucoperiosteal flap) - 15 +- 7210,Interim caries arresting medicament application (silver ion products) per tooth- 1354,Intraoral-Periapical Each Additional film - 5 +-230,Limited occlusal adjustment - 15 +- 9951,Palliative (emergency) treatment of dental pain - minor procedure - 15 +- 9110,Periodontal scaling/root planing 4+ teeth per quadrant - 45 +- 4341,Posterior four surface resin - 15 +- 2394,Posterior one surface resin - 15 +-2391,Posterior two surface resin - 15 +-2392,Prefabricated post and core - 15 +-2954,Prefabricated stainless steel crown - 30 +- 2933,Recement bridge - 15 +- 6930,Recement crown - 15 +-2920,Removal of impacted tooth-partially bony - 15 +- 7230,Resin four surfaces or w incis - Anterior - 15 +- 2335,Resin one surface - Anterior - 15 +- 2330,Resin three surfaces - Anterior - 15 +- 2332,Resin two surfaces - Anterior - 15 +- 2331,Sealant-per tooth- 1351,Sedative filling - 15 +- 2940,Surgical removal of residual tooth roots (includes cutting of soft tissue and bone and closure) - 15 +- 7250,Therpeutic pulpotomy - 15 +-3220,Total_Procedures
8.0,0.0,0.0,0.0,2.0,1.0,3.0,0.0,5.0,0.0,0.0,1.0,0.0,0.0,65.0,34.0,240.0,2.0,5.0,193.0,9.0,80.0,81.0,0.0,0.0,0.0,1.0,0.0,24.0,55.0,38.0,59.0,1.0,2.0,22.0,0.0,1862.0
11.0,1.0,11.0,1.0,2.0,2.0,1.0,0.0,0.0,0.0,0.0,0.0,0.0,3.0,65.0,26.0,164.0,3.0,1.0,113.0,2.0,50.0,41.0,0.0,0.0,0.0,0.0,0.0,9.0,27.0,12.0,16.0,0.0,2.0,45.0,0.0,1216.0
0.0,0.0,0.0,0.0,0.0,0.0,0.0,0.0,0.0,0.0,0.0,1.0,0.0,0.0,0.0,0.0,5.0,2.0,0.0,0.0,0.0,0.0,2.0,0.0,0.0,0.0,0.0,0.0,0.0,0.0,1.0,0.0,0.0,0.0,0.0,0.0,22.0
0.0,0.0,0.0,0.0,0.0,0.0,0.0,0.0,0.0,0.0,0.0,0.0,0.0,0.0,0.0,0.0,6.0,0.0,0.0,0.0,0.0,0.0,2.0,0.0,0.0,0.0,1.0,0.0,0.0,0.0,0.0,0.0,0.0,0.0,0.0,0.0,18.0
1.0,0.0,0.0,0.0,0.0,0.0,1.0,0.0,0.0,1.0,0.0,0.0,0.0,0.0,2.0,19.0,19.0,0.0,0.0,17.0,1.0,16.0,5.0,1.0,0.0,0.0,0.0,0.0,0.0,7.0,5.0,7.0,0.0,1.0,0.0,0.0,206.0
0.0,0.0,0.0,0.0,0.0,0.0,0.0,0.0,0.0,0.0,0.0,0.0,0.0,0.0,2.0,28.0,8.0,0.0,0.0,14.0,1.0,6.0,3.0,0.0,0.0,0.0,1.0,0.0,2.0,3.0,1.0,2.0,0.0,0.0,0.0,0.0,142.0
56.0,5.0,9.0,2.0,6.0,2.0,12.0,1.0,9.0,0.0,0.0,9.0,0.0,1.0,180.0,617.0,336.0,11.0,1.0,218.0,23.0,143.0,144.0,0.0,1.0,4.0,22.0,1.0,82.0,172.0,99.0,156.0,0.0,18.0,134.0,0.0,4948.0
49.0,8.0,7.0,1.0,2.0,0.0,4.0,1.0,7.0,0.0,0.0,3.0,1.0,0.0,167.0,405.0,212.0,2.0,3.0,160.0,15.0,90.0,99.0,1.0,4.0,0.0,14.0,3.0,61.0,89.0,38.0,70.0,0.0,5.0,120.0,0.0,3282.0
0.0,0.0,0.0,0.0,0.0,0.0,0.0,0.0,0.0,0.0,0.0,0.0,0.0,0.0,0.0,0.0,0.0,0.0,0.0,0.0,0.0,0.0,0.0,0.0,0.0,0.0,0.0,0.0,0.0,0.0,0.0,0.0,0.0,0.0,0.0,0.0,0.0
3.0,0.0,1.0,0.0,0.0,1.0,2.0,1.0,0.0,0.0,0.0,0.0,0.0,0.0,9.0,24.0,28.0,2.0,2.0,56.0,2.0,17.0,36.0,0.0,0.0,1.0,0.0,0.0,14.0,7.0,4.0,18.0,0.0,4.0,5.0,0.0,474.0
2.0,0.0,0.0,0.0,1.0,0.0,1.0,0.0,0.0,0.0,0.0,0.0,0.0,0.0,3.0,4.0,30.0,1.0,0.0,41.0,0.0,15.0,15.0,0.0,0.0,0.0,1.0,0.0,2.0,6.0,6.0,3.0,0.0,1.0,3.0,0.0,270.0
0.0,0.0,0.0,0.0,0.0,0.0,1.0,0.0,0.0,0.0,0.0,0.0,0.0,0.0,0.0,0.0,7.0,0.0,0.0,1.0,0.0,0.0,0.0,0.0,0.0,0.0,0.0,0.0,0.0,0.0,0.0,0.0,0.0,0.0,0.0,0.0,18.0
0.0,0.0,0.0,0.0,0.0,0.0,0.0,0.0,0.0,0.0,0.0,0.0,0.0,0.0,0.0,0.0,2.0,0.0,0.0,2.0,1.0,0.0,1.0,0.0,0.0,0.0,0.0,0.0,1.0,0.0,1.0,0.0,0.0,0.0,0.0,0.0,16.0
0.0,0.0,0.0,0.0,0.0,0.0,0.0,0.0,0.0,0.0,0.0,0.0,0.0,0.0,0.0,0.0,0.0,0.0,0.0,0.0,0.0,0.0,0.0,0.0,0.0,0.0,0.0,0.0,0.0,0.0,0.0,0.0,0.0,0.0,0.0,0.0,0.0
0.0,0.0,0.0,0.0,0.0,0.0,0.0,0.0,0.0,0.0,0.0,0.0,0.0,0.0,0.0,0.0,0.0,0.0,0.0,0.0,0.0,0.0,0.0,0.0,0.0,0.0,0.0,0.0,0.0,0.0,0.0,0.0,0.0,0.0,0.0,0.0,0.0
0.0,0.0,1.0,0.0,0.0,0.0,0.0,0.0,0.0,0.0,0.0,0.0,0.0,0.0,4.0,0.0,11.0,0.0,0.0,5.0,0.0,10.0,6.0,0.0,0.0,0.0,2.0,0.0,0.0,0.0,3.0,2.0,0.0,4.0,2.0,0.0,100.0
1.0,0.0,0.0,0.0,0.0,0.0,0.0,0.0,0.0,0.0,0.0,0.0,0.0,0.0,5.0,13.0,0.0,0.0,0.0,5.0,0.0,4.0,5.0,0.0,0.0,0.0,0.0,0.0,1.0,1.0,8.0,3.0,0.0,1.0,6.0,0.0,106.0
